division: New York-qual1
Q-1	36-17 R	18	4654
28	9773
Q-2	37-6 R	10801	6761
5637	9094
Q-3	40-68 B	5873	4137
9024	8490
Q-4	31-69 B	4244	4243
4809	6051
Q-5	129-168 B	5069	6081
6761	8490
Q-6	23-49 B	9773	4137
9094	4809
Q-7	34-48 B	28	10801
4243	5873
Q-8	61-56 R	6081	4244
4654	5637
Q-9	62-183 B	9024	6051
18	5069
Q-10	2-27 B	8490*	10801*
9773	4244
Q-11	106-56 R	6761	18
5873	4809
Q-12	41-175 B	9094	9024
28	6081
Q-13	53-0 R	6051	4243
4137	5637
Q-14	145-36 R	5069	4654
10801	4809
Q-15	34-6 R	8490	9094
18	4243
Q-16	85-34 R	4244	28
4137	6761
Q-17	20-103 B	9773	9024
5637	5069
Q-18	101-112 B	5873	6051
4654	6081
Q-19	64-38 R	5637	28
4809	8490
Q-20	152-33 R	6081	18
4137	10801
Q-21	160-106 R	4244	5873
5069	9094
Q-22	19-23 B	4243	4654
9024	6761
Q-23	39-8 R	6051	9773
8490	10801
1	6081	i2robotics	10	360	175	5
2	6051	Quantum Mechanics	10	192	183	5
3	4137	IslandBots	10	130	152	5
4	5069	Robogamers	8	343	183	5
5	8490	Mamaroneck Tigers	8	221	168	5
6	4244	Big Bertha	6	229	160	5
7	10801	EF Academy	6	117	145	5
8	5873	Dragon Terminators	4	337	106	5
9	6761	TESLA Robots	4	244	129	5
10	4654	Jellyfish	4	229	101	5
11	4809	Botman	4	184	64	5
12	9024	Juggerknights	4	172	175	5
13	18	Techno Chix	4	164	62	5
14	5637	Tech-Wise Guys	4	120	64	5
15	28	PolyGnomes	2	164	41	5
16	4243	Iron Devils	2	90	69	5
17	9094	HELLO KITTY	0	182	106	5
18	9773	Robocracy	0	70	23	5
division: New York-qual2
Q-1	165-8 R	4347 8391	4809 9541	165	0	0	165	0	0	8	0	0	8	0	0
Q-2	65-40 R	9928 5602	7475 6966	65	5	0	60	0	0	40	0	0	40	0	0
Q-3	29-32 B	8527 4654	10791 9832	29	0	0	29	0	0	32	0	0	32	0	0
Q-4	92-139 B	7420 7488	7486 4243	92	5	0	87	0	0	139	0	0	59	80	0
Q-5	42-40 R	7475 8391	10791 8527	42	0	0	42	0	0	40	0	0	40	0	0
Q-6	30-32 B	9541 9832	7420 9928	30	0	0	30	0	0	32	5	0	27	0	0
Q-7	10-108 B	4243 4809	7486 5602	10	0	0	10	0	0	108	0	0	108	0	0
Q-8	66-130 B	6966 7488	4654 4347	66	0	0	66	0	0	130	5	0	125	0	0
Q-9	0-26 B	9541 4243	7475 9832	0	0	0	0	0	0	26	0	0	26	0	0
Q-10	35-68 B	4654 7486	9928 8391	35	0	0	35	0	0	68	5	0	63	0	0
Q-11	15-22 B	10791 6966	7488 4809	15	5	0	10	0	0	22	5	0	17	0	0
Q-12	51-23 R	8527 4347	5602 7420	51	0	0	51	0	0	23	5	0	18	0	0
Q-13	179-20 R	7486 9832	10791 7475	179	5	0	94	80	0	20	0	0	20	0	0
Q-14	46-88 B	4809 9928	8527 7488	46	0	0	46	0	0	88	5	0	83	0	0
Q-15	27-12 R	9541 7420	5602 4654	27	0	0	27	0	0	12	0	0	12	0	0
Q-16	47-152 B	4243 8391	4347 6966	47	0	0	47	0	0	152	0	0	152	0	0
Q-17	95-25 R	7475 4809	4654 7420	95	5	0	90	0	0	25	0	0	25	0	0
Q-18	42-93 B	9928 10791	4243 4347	42	0	0	42	0	0	93	0	0	93	0	0
Q-19	30-139 B	5602 9832	8391 7488	30	0	0	30	0	0	139	5	0	134	0	0
Q-20	149-35 R	7486 8527	9541 6966	149	0	0	69	80	0	35	0	0	35	0	0
1 10532 Shrikes 10 108 70 5
2 7164 Locust Valley HS "Falcon Bots" 8 357 178 5
3 4780 Terraroids 8 285 178 5
4 4017 Sewanhaka Robopandas 8 279 268 5
5 6438 Syborgs 8 111 121 5
6 3006 Terabots 6 265 268 5
7 10933 Tech Titans 6 161 142 5
8 4137 Islandbots 6 158 121 5
9 9501 Zero to Robo 6 154 137 5
10 9372 Standard Model 6 139 61 5
11 6574 task main 6 98 87 5
12 9959 Spontaneous Combustion 6 63 82 5
13 9122 Infernobotics 4 177 189 5
14 4784 Tetricons 4 142 128 5
15 8196 Control Alt Win 4 132 78 5
16 10696 Dream Team 4 110 237 5
17 10738 SB Bears 4 94 87 5
18 9371 General Relativity 4 93 137 5
19 9421 Harborfields Robotics 4 83 63 5
20 6115 Robotec 2 143 53 5
21 4487 Herricks Robotics 2 131 66 5
22 4785 Anomymous Autonomous 2 131 37 5
23 5361 Lionotics 2 120 66 5
24 10322 Murrowbots 0 114 48 5
division: New York-qual3
Q-1	38-16 R	6574	9371
10532	4784
Q-2	51-42 R	9372	9122
4137	3006
Q-3	10-78 B	10322	8196
9421	10696
Q-4	53-29 R	4780	4785
6115	10738
Q-5	66-142 B	5361	7164
4487	10933
Q-6	63-77 B	9501	6438
4017	9959
Q-7	63-25 R	4784	6115
9421	9372
Q-8	13-87 B	5361	6574
10696	10738
Q-9	24-12 R	10532	9122
4487	9959
Q-10	121-37 R	4137	10322
6438	4785
Q-11	70-137 B	10933	9501
8196	9371
Q-12	178-268 B	7164	4017
4780	3006
Q-13	16-80 B	6438	9122
10738	6574
Q-14	27-17 R	8196	4487
4785	4784
Q-15	41-70 B	9501	4780
10322	10532
Q-16	14-28 B	5361	4017
9371	9372
Q-17	36-38 B	6115	7164
10696	4137
Q-18	56-8 R	9959	3006
10933	9421
Q-19	30-45 B	9372	6438
8196	10532
Q-20	72-105 B	9122	7164
4784	9501
Q-21	8-22 B	10322	9959
6115	5361
Q-22	29-237 B	10933	4017
4785	10696
Q-23	45-55 B	4137	9421
6574	4780
Q-24	115-18 R	3006	10738
9371	4487
Q-25	189-45 R	4017	8196
9122	6115
Q-26	48-61 B	6574	9372
10322	10933
Q-27	63-19 R	3006	4785
10532	5361
Q-28	83-15 R	7164	9421
6438	9371
Q-29	82-128 B	10696	4784
9959	4780
Q-30	56-18 R	10738	4487
9501	4137
