division: Oregon-qualifiers
Q-1	19­26 B	10154 8096	8154 8590	0	0	0	0	0	0	0
Q-2	5­13 B	10765 496	9060 7499	0	0	0	0	0	0	0
Q-3	30­3 R	7499 8590	10531 496	0	0	0	0	0	0	0
Q-4	18­13 R	9060 8154	10765 8096	0	0	0	0	0	0	0
Q-5	21­24 B	10531 7499	10154 9060	0	0	0	0	0	0	0
Q-6	7­36 B	496* 8096*	10765* 8590	0	0	0	0	0	0	0
Q-7	15­17 B	10531 10154	8154 496	0	0	0	0	0	0	0
Q-8	42­11 R	8590 9060	8154 7499	0	0	0	0	0	0	0
Q-9	27­6 R	10765 10154	8096 10531	0	0	0	0	0	0	0
Q-10	30­9 R	8096 8154	7499 496	0	0	0	0	0	0	0
Q-11	17­37 B	9060 10765	8590 10154	0	0	0	0	0	0	0
Q-12	13­8 R	496 8096	10531 10765	0	0	0	0	0	0	0
1	8590	Bear Mettle	10	57	0
2	9060	9060 Smarties	8	67	0
3	8154	Modern Americans	8	67	0
4	10154	System Overload	6	78	0
5	7499	The Nerdy Girls	4	49	0
6	496	Team Steve	4	40	0
7	10765	MALE	2	49	0
8	8096	The Greenies	2	46	0
9	10531	BB­8 Builders	0	53	0
Q-1	33­10 R	10153 8007	8890 10155	0	0	0	0	0	0	0
Q-2	25­35 B	7498 7473	10530 10622	0	0	0	0	0	0	0
Q-3	21­44 B	8155 10155	10585 7498	0	0	0	0	0	0	0
Q-4	3­12 B	7473 8155	8890 8007	0	0	0	0	0	0	0
Q-5	15­55 B	10585 10622	10530 10153	0	0	0	0	0	0	0
Q-6	24­51 B	10530* 7473	10153* 10155	0	0	0	0	0	0	0
Q-7	35­11 R	8007 10585	10622 7498	0	0	0	0	0	0	0
Q-8	6­13 B	8890 10530	8155 8007	0	0	0	0	0	0	0
Q-9	7­30 B	8155 7498	7473 10153	0	0	0	0	0	0	0
Q-10	14­15 B	10622 8890	10155 10585	0	0	0	0	0	0	0
Q-11	13­7 R	10155 10622	10530 8155	0	0	0	0	0	0	0
Q-12	48­14 R	10585 10153	8007 7473	0	0	0	0	0	0	0
Q-13	38­44 B	7498 10530	8890 10153	0	0	0	0	0	0	0
1	10153	Shuntrian	10	84	0
2	10585	Einstein Relations	8	55	0
3	8007	Bulldog Robotics	8	44	0
4	10155	NWA	6	56	0
5	10530	Robotica	4	71	0
6	8890	Tiger Tech	4	61	0
7	10622	S. O. S.	4	42	0
8	7498	Powerful Pandas	2	72	0
9	7473	The Pride	2	53	0
10	8155	Sandstorm Robotics	2	34	0
Q-1	40­46 B	8023 6727	9211 8151	0	0	0	0	0	0	0
Q-2	61­105 B	5627 8111	8243 6833	0	0	0	0	0	0	0
Q-3	13­53 B	9211 6833	8111 8023	0	0	0	0	0	0	0
Q-4	28­26 R	8151 6727	5627 8243	0	0	0	0	0	0	0
Q-5	39­46 B	6833 8023	8243 6727	0	0	0	0	0	0	0
Q-6	84­45 R	5627 8151	8111 9211	0	0	0	0	0	0	0
Q-7	49­17 R	5627 6833	8023 8151	0	0	0	0	0	0	0
Q-8	21­51 B	8243 8111	6727 9211	0	0	0	0	0	0	0
Q-9	63­45 R	8111 6727	8023 5627	0	0	0	0	0	0	0
Q-10	54­58 B	8243 9211	6833 8151	0	0	0	0	0	0	0
1	8151	8151	8	182	0
2	6727	6727	8	131	0
3	6833	6833	6	174	0
4	8243	8243	4	181	0
5	5627	5627	4	174	0
6	9211	9211	4	163	0
7	8111	8111	4	155	0
8	8023	8023	2	124	0
Q-1	110­7 R	4143 10431	3633 8171	0	0	0	0	0	0	0
Q-2	3­23 B	9975 4412	5686 4543	0	0	0	0	0	0	0
Q-3	15­40 B	7875 9065	7938 8165	0	0	0	0	0	0	0
Q-4	71­39 R	5266 10485	8176 9529	0	0	0	0	0	0	0
Q-5	108­27 R	4143 4412	9975 7875	0	0	0	0	0	0	0
Q-6	93­45 R	3633 5266	8165 10485	0	0	0	0	0	0	0
Q-7	47­82 B	5686 9529	7938 10431	0	0	0	0	0	0	0
Q-8	104­131 B	4543 9065	8171 8176	0	0	0	0	0	0	0
Q-9	35­24 R	7875 9529	9975 3633	0	0	0	0	0	0	0
Q-10	49­31 R	5266 4143	5686 9065	0	0	0	0	0	0	0
Q-11	41­36 R	8176 8165	4412 10431	0	0	0	0	0	0	0
Q-12	78­15 R	7938 10485	4543 8171	0	0	0	0	0	0	0
Q-13	23­5 R	5686 8176	7875 3633	0	0	0	0	0	0	0
Q-14	30­90 B	4543 8165	4143 9529	0	0	0	0	0	0	0
Q-15	43­15 R	7938 8171	5266 4412	0	0	0	0	0	0	0
Q-16	79­15 R	10485 9975	10431 9065	0	0	0	0	0	0	0
1	4143	OccamsRazor	8	85	0
2	7938	RoboHawks	8	72	0
3	5266	Challenge Accepted	6	130	0
4	10485	SA­BOTAGE	6	114	0
5	8176	Steelhead	6	104	0
6	8165	Killa Bots	4	116	0
7	9529	Fig Nutron	4	110	0
8	10431	Mechanicals	4	85	0
9	5686	CogNation	4	66	0
10	8171	The Ranger Bots	4	61	0
11	4412	Transformers	2	81	0
12	3633	BazingaBots	2	81	0
13	7875	Men in Green	2	71	0
14	9975	Straight out of Sherman	2	69	0
15	4543	Binary Chaos	2	62	0
16	9065	The Shermanators	0	85	0
Q-1	207­150 R	4560 7709	4511 9521	0	0	0	0	0	0	0
Q-2	70­30 R	8970 7503	8150 9518	0	0	0	0	0	0	0
Q-3	160­90 R	9520 267	9519 187	0	0	0	0	0	0	0
Q-4	34­120 B	8150 4511	7709 9518	0	0	0	0	0	0	0
Q-5	140­130 R	9520 7503	4560 267	0	0	0	0	0	0	0
Q-6	90­70 R	9521 187	9519 8970	0	0	0	0	0	0	0
Q-7	84­90 B	4560 4511	8150 267	0	0	0	0	0	0	0
Q-8	140­70 R	187 7709	7503 9519	0	0	0	0	0	0	0
Q-9	80­30 R	8970 9518	9520 9521	0	0	0	0	0	0	0
Q-10	60­170 B	4511 9519	7503 4560	0	0	0	0	0	0	0
Q-11	140­80 R	9521 8150	9520 187	0	0	0	0	0	0	0
Q-12	110­90 R	267 9518	7709 8970	0	0	0	0	0	0	0
Q-13	30­20 R	9519 9521	8150 7503	0	0	0	0	0	0	0
Q-14	260­50 R	4560 9518	267 187	0	0	0	0	0	0	0
Q-15	70­60 R	8970 9520	4511 7709	0	0	0	0	0	0	0
Q-1	32­31 R	3525 9776	8949 9774	0	0	0	0	0	0	0
Q-2	20­14 R	9769 8441	8800 4855	0	0	0	0	0	0	0
Q-3	25­20 R	9262 9780	7333 9263	0	0	0	0	0	0	0
Q-4	81­30 R	10406 9769	8720 9776	0	0	0	0	0	0	0
Q-5	18­19 B	4855 8949	7333 9780	0	0	0	0	0	0	0
Q-6	29­38 B	9262 8441	9774 10406	0	0	0	0	0	0	0
Q-7	20­12 R	8720 9263	3525 8800	0	0	0	0	0	0	0
Q-8	41­11 R	9262* 7333	9776* 8441	0	0	0	0	0	0	0
Q-9	35­22 R	8949 9263	8720 4855	0	0	0	0	0	0	0
Q-10	27­57 B	9774 8800	9780 10406	0	0	0	0	0	0	0
Q-11	57­39 R	9769 4855	3525 9262	0	0	0	0	0	0	0
Q-12	21­48 B	8800 8720	9774 7333	0	0	0	0	0	0	0
Q-13	26­42 B	9780 9776	3525 8441	0	0	0	0	0	0	0
Q-14	33­85 B	10406 9263	9769 8949	0	0	0	0	0	0	0
Q-15	9­11 B	9780 8441	8720 9262	0	0	0	0	0	0	0
Q-16	28­47 B	9776 9774	4855 9263	0	0	0	0	0	0	0
Q-17	123­93 R	10406 7333	9769 3525	0	0	0	0	0	0	0
Q-18	19­22 B	8800 9262	8949 9776	0	0	0	0	0	0	0
1	10406	Glencoe 1	8	212	0
2	9769	Total Chaos	8	209	0
3	7333	Combustible Lemons	8	163	0
4	8949	The Gifted Gears	6	123	0
5	9263	Red Shirts	6	115	0
6	9780	Byte Club	6	100	0
8	9774	Nano Ninjas	4	136	0
9	9776	Rookie Team	4	134	0
10	4855	Batteries In Black	4	121	0
11	9262	Squirrel ?	4	116	0
12	8720	Eagles	4	94	0
13	8441	Total Reboot	4	89	0
14	8800	Robotinatorz	0	93	0
Q-1	92­20 R	3093 6717	6564 10428	0	0	0	0	0	0	0
Q-2	19­67 B	4480 6476	8045 3963	0	0	0	0	0	0	0
Q-3	15­137 B	8119 6564	8045 10428	0	0	0	0	0	0	0
Q-4	59­35 R	3093 3963	6717 6476	0	0	0	0	0	0	0
Q-5	23­17 R	8119 10428	4480 3963	0	0	0	0	0	0	0
Q-6	69­110 B	8045* 6717*	8119* 4480	0	0	0	0	0	0	0
Q-7	51­64 B	6564 4480	3093 6476	0	0	0	0	0	0	0
Q-8	68­5 R	8045 6476	6717 10428	0	0	0	0	0	0	0
Q-9	27­75 B	3963 8119	3093 6564	0	0	0	0	0	0	0
Q-10	33­12 R	4480 10428	6717 6564	0	0	0	0	0	0	0
Q-11	32­79 B	6476 3963	8119 8045	0	0	0	0	0	0	0
Q-12	131­11 R	8045 6717	3093 8119	0	0	0	0	0	0	0
1	8045	Gromets Grommits	10	72	0
2	3093	Phalanx	8	84	0
3	10428	Subsonic	6	69	0
4	4480	Blue Dwarves	4	118	0
5	3963	Storm	4	100	0
6	6476	Player 1	4	92	0
7	6717	Fatal Error	4	83	0
8	8119	Turn Down For What?	4	82	0
9	6564	The Weeping Angles	2	65	0
Q-1	50­54 B	9567 8372	9851 10274	0	0	0	0	0	0	0
Q-2	67­89 B	8161 4662	7750 9218	0	0	0	0	0	0	0
Q-3	26­12 R	8780 10274	9218 8161	0	0	0	0	0	0	0
Q-4	60­58 R	7750 8372	4662 8780	0	0	0	0	0	0	0
Q-5	21­17 R	9851 9218	9567 7750	0	0	0	0	0	0	0
Q-6	16­37 B	8161* 10274	8372* 4662*	0	0	0	0	0	0	0
Q-7	63­16 R	9851 9567	8780 8161	0	0	0	0	0	0	0
Q-8	58­24 R	9218 8780	9851 8372	0	0	0	0	0	0	0
Q-9	15­34 B	4662 7750	10274 9567	0	0	0	0	0	0	0
Q-10	73­28 R	9218 8372	7750 8161	0	0	0	0	0	0	0
Q-11	44­50 B	8780 9851	4662 10274	0	0	0	0	0	0	0
Q-12	29­71 B	9567 8161	8372 4662	0	0	0	0	0	0	0
1	9218	Supernerds	8	148	0
2	10274	Botcats	8	137	0
3	8372	TNT	6	189	0
4	9851	C4	6	141	0
5	4662	Bulldogs	4	213	0
6	7750	Maniacs	4	185	0
7	8780	Chieftain Robotics II	4	144	0
8	9567	Cybernetic Elks	4	117	0
9	8161	Chieftain Robotics	0	142	0
1	9470	Quantum Mechanics	26	559	114	5	30	634	20
2	7503	Lightning Bolts	26	441	167	5	26	608	20
3	7013	Hot Wired	22	651	190	5	22	673	17
4	750	Gears in Motion	22	585	135	5	22	604	17
5	9518	Digger	22	582	89	5	22	687	20
6	187	Old Ducks	22	413	190	5	22	504	20
7	3965	Twisted MEtal	20	670	135	5	20	689	17
8	6930	Syntax Error 42	20	657	162	5	20	694	17
9	7776	loose screws	20	503	164	5	20	513	17
10	9519	HoneyBunny	20	421	159	5	20	502	20
11	4560	Phoenix	18	475	114	5	18	580	20
12	267	EMP	18	379	69	5	18	460	20
13	3058	Jurry Riggers	16	575	155	5	16	584	17
14	9520	Neon Black Thunder	16	490	162	5	16	550	20
15	4594	Pack Attack	16	463	72	5	16	491	17
16	9231	we like big bots	16	413	159	5	16	426	17
17	9815	ACES	16	369	164	5	16	411	20
18	10565	The Squad	14	591	66	5	14	626	17
19	4097	Pac Bots	14	436	76	5	14	446	17
20	9857	Spiral	12	597	86	5	12	604	17
21	9521	Senators	12	371	102	5	12	371	10
22	9531	Gear Busters	10	394	114	5	10	429	20
23	6586	Warranty Voiders	10	364	101	5	10	364	14
24	10394	N.O.V.A. Corps	8	288	102	5	8	288	10
Q-1	74-42 R	4097	7503
		9470	9520
Q-2	190-60 R	187	4560
		7013	3965
Q-3	69-101 B	9518	3058
		267	750
Q-4	164-159 R	9815	6930
		7776	9519
Q-5	22-66 B	9531	10565
		6586	9231
Q-6	35-102 B	9857	9521
		4594	10394
Q-7	87-114 B	750	9470
		6930	4560
Q-8	106-53 R	9519	9520
		3965	9231
Q-9	155-29 R	3058	10394
		7776	9531
Q-10	8-66 B	267	4594
		4097	9815
Q-11	85-39 R	7503	10565
		9521	187
Q-12	86-101 B	9518	7013
		9857	6586
Q-13	30-76 B	10394	9519
		4560	4097
Q-14	49-135 B	10565	750
		9815	3965
Q-15	70-55 R	9231	7013
		9521	3058
Q-16	72-50 R	4594	9531
		9518	9470
Q-17	41-157 B	9857	187
		9520	7776
Q-18	24-50 B	6586	6930
		7503	267
Q-19	12-21 B	4560	9531
		9815	9521
Q-20	62-35 R	9470	3058
		9519	9857
Q-21	43-36 R	7013	10565
		10394	267
Q-22	110-44 R	750	6586
		9520	4594
Q-23	35-121 B	6930	9231
		4097	187
Q-24	89-164 B	3965	7503
		9518	7776
Q-25	36-50 B	3058	4594
		10565	4560
Q-26	62-32 R	6586	10394
		187	9815
Q-27	159-19 R	7776	267
		9231	9470
Q-28	167-33 R	7503	9519
		7013	750
Q-29	162-83 R	9520	9518
		6930	9521
Q-30	114-35 R	9531	9857
		3965	4097
1	8372	TNT	30	689	166	5	32	864	20
2	4662	Bulldogs	30	621	140	5	32	841	20
3	8045	Gromets Grommits	30	598	185	5	40	648	20
4	7750	Maniacs	28	688	185	5	28	831	20
5	9851	C4	26	586	75	5	26	772	20
6	9567	Cybernetic Elks	24	583	75	5	24	722	20
7	6476	Player 1	22	418	107	5	22	575	20
8	3093	Phalanx	20	457	113	5	20	551	20
9	10274	Botcats	18	535	135	5	18	638	20
10	4480	Blue Dwarves	18	451	102	5	18	528	20
11	8780	Chieftain Robotics II	18	392	143	5	18	426	20
12	10428	Subsonic	18	370	55	5	18	440	20
13	5039	Devil Bots	16	456	120	5	16	456	15
14	6564	The Weeping Angles	16	417	48	5	16	470	20
15	6717	Fatal Error	16	413	103	5	16	470	20
16	7257	Da Builders	16	370	71	5	16	370	15
17	3963	Storm	16	341	35	5	16	421	20
18	8885	Livewires	14	494	85	5	14	494	15
19	9339	Technochiefs	12	402	134	5	12	402	15
20	9218	Supernerds	12	298	144	5	12	298	10
21	10311	Kodiak	8	480	166	5	8	480	15
22	9487	Cogsville Cogs	8	406	55	5	8	406	15
23	8119	Turn Down For What?	8	366	42	5	8	366	15
24	8161	Chieftain Robotics	6	560	56	5	6	630	20
25	10667	Brainstormers	4	110	41	5	4	110	5
Q-1	89-5 R	6476	9339
		7750	8161
Q-2	41-39 R	9567	9487
		10667	10311
Q-3	66-133 B	9851	8045
		5039	8372
Q-4	7-57 B	3963	8780
		10428	3093
Q-5	14-19 B	6717	10274
		4480	9218
Q-6	1-48 B	8885	6564
		8119	7257
Q-7	75-55 R	4662	10428
		9851	6476
Q-8	59-120 B	10274	5039
		3093	7750
Q-9	23-12 R	8780	6717
		10667	8119
Q-10	23-144 B	6564	8045
		9487	9218
Q-11	56-85 B	8161	8885
		9567	8372
Q-12	35-102 B	7257	4662
		10311	4480
Q-13	34-41 B	3963	9339
		10667	9851
Q-14	36-103 B	3093*	8045*
		8885	6717
Q-15	180-35 R	4480*	8119
		7750	9487
Q-16	143-32 R	8780	6564
		8372	6476
Q-17	29-54 B	9339	5039
		10428	10311
Q-18	7-35 B	10274	3963
		8161	7257
Q-19	65-140 B	9218	4662
		9567	7750
Q-20	35-60 B	4480	8780
		8885	9851
Q-21	107-19 R	6476	10667
		8045	7257
Q-22	166-43 R	8372	3093
		10311	9218
Q-23	1-29 B	6717	8161
		6564	10428
Q-24	17-95 B	3963	4662
		9487	5039
Q-25	6-22 B	8119	10274
		9339	9567
Q-26	54-185 B	8780	8045
		10311	7750
Q-27	19-6 R	5039	4480
		6564	10667
Q-28	5-42 B	9218	6476
		3963	8885
Q-29	113-42 R	3093	8161
		4662	8119
Q-30	135-55 R	8372	9487
		10274	10428
Q-31	71-75 B	9851	9567
		7257	6717
Q-32	134-62 R	9339	3093
		8045	4480
1	8176	Steelhead	30	1125	251	5	34	1235	19
2	4143	OccamsRazor	28	931	179	5	30	1042	19
3	7938	RoboHawks	26	663	203	5	26	819	19
4	8023	Outlaws	26	591	218	5	26	776	20
5	6833	Automatons	24	961	179	5	28	1097	20
6	5627	Robotic Quasar Allianace	24	870	151	5	24	1049	20
7	9529	Fig Nutron	24	667	151	5	24	764	19
8	8165	Killa Bots	24	621	148	5	24	761	19
9	8151	SHRED	22	866	156	5	22	1040	20
10	10485	SA-BOT-AGE	22	840	251	5	22	982	19
11	5266	Challenge Accepted	20	1243	192	5	20	1413	19
12	6727	Transformer Bots	18	498	125	5	18	619	20
13	7875	Men in Green	18	478	86	5	18	552	19
14	8111	Nano Bots	16	869	168	5	16	979	20
15	4543	Binary Chaos	16	736	173	5	16	795	19
16	8171	The Ranger Bots	16	589	94	5	16	636	19
17	8243	Giant Bots	14	752	153	5	14	904	20
18	3633	BazingaBots	14	573	220	5	14	613	19
19	9211	Red Hawk	10	727	130	5	10	799	20
20	9975	Straight out of Sherman	10	515	92	5	10	515	14
21	5686	CogNation	10	469	145	5	10	469	14
22	4412	Transformers	8	783	192	5	8	798	19
23	9065	The Shermanators	8	508	163	5	8	508	14
24	10431	Mechanicals	8	427	141	5	8	441	19
Q-1	56-101 B	8151	8023
		4543	5627
Q-2	43-56 B	9065	5686
		3633	8111
Q-3	29-80 B	9211	8165
		8243	7875
Q-4	7-42 B	10485	9529
		10431	6727
Q-5	179-23 R	6833	8171
		4143	9975
Q-6	203-192 R	7938	5266
		8176	4412
Q-7	86-24 R	7875	3633
		5627	10431
Q-8	83-85 B	9065	8171
		8151	9529
Q-9	165-125 R	4543	6727
		5266	6833
Q-10	34-122 B	9975	9211
		5686	8176
Q-11	62-218 B	7938	10485
		8243	8023
Q-12	148-168 B	8165	4143
		4412	8111
Q-13	130-151 B	9211	5627
		5266	9529
Q-14	30-49 B	6727	7938
		5686	8171
Q-15	73-59 R	6833	3633
		4412	8243
Q-16	12-128 B	10431	8023
		9065	8165
Q-17	92-64 R	8151	7875
		9975	8111
Q-18	251-173 R	10485	4543
		8176	4143
Q-19	61-40 R	8023	4412
		9529	5686
Q-20	94-153 B	8171	5266
		8111	8243
Q-21	64-84 B	5627	9975
		8165	10485
Q-22	68-163 B	7875	4143
		6727	9065
Q-23	141-156 B	10431	8176
		6833	8151
Q-24	6-81 B	9211	7938
		3633	4543
Q-25	20-102 B	8171	10485
		7875	4412
Q-26	145-119 R	4143	8151
		5686	5266
Q-27	73-220 B	9529	8176
		8165	3633
Q-28	89-75 R	5627	9065
		7938	6833
Q-29	16-29 B	4543	10431
		8243	9975
Q-30	12-48 B	8023	9211
		8111	6727
1	8720	Eagles	30	656	200	5	30	811	20
2	7333	Combustible Lemons	26	576	153	5	26	746	20
3	3525	Banks Robotics Club	24	554	196	5	26	738	20
4	9769	Total Chaos	22	763	167	5	22	857	20
5	8949	The Gifted Gears	22	658	289	5	22	691	20
6	9774	Nano Ninjas	20	690	159	5	20	768	20
7	9263	Red Shirts	20	536	142	5	20	623	20
8	4855	Batteries In Black	20	532	289	5	20	603	20
9	8800	Robotinatorz	18	711	191	5	18	796	20
10	8441	Total Reboot	16	749	167	5	16	815	20
11	9776	Rookie Team	16	634	77	5	16	763	20
12	6587	Ctrl-Alt-FG	16	595	73	5	16	595	15
13	9262	Squirrel ?	16	561	79	5	16	680	20
14	10406	Glencoe 1	14	702	160	5	14	776	20
15	9780	Byte Club	14	623	198	5	14	691	20
Q-1	71-42 R	6587	9780
		9774	10406
Q-2	58-196 B	7333	8720
		9262	3525
Q-3	289-77 R	4855	8800
		8949	9776
Q-4	167-31 R	8441	9263
		9769	6587
Q-5	160-59 R	10406	9776
		8720	3525
Q-6	47-142 B	9774	8949
		7333	9263
Q-7	198-40 R	4855	9262
		9780	9769
Q-8	92-80 R	8800	8441
		7333	10406
Q-9	190-73 R	9776*	9262
		8949	6587
Q-10	33-130 B	3525	4855
		9780	8441
Q-11	191-137 R	8800	9774
		8720	9769
Q-12	98-79 R	9263	9262
		10406	4855
Q-13	52-69 B	9776	9769
		9774	7333
Q-14	140-200 B	9780	8720
		8441	8949
Q-15	89-66 R	3525	8800
		9263	6587
Q-16	57-159 B	9262	8441
		9776	9774
Q-17	158-41 R	8949	3525
		9769	10406
Q-18	64-153 B	6587	7333
		4855	8720
Q-19	129-56 R	9263	9780
		8800	9776
1	9123	Mechani Cougs	26	611	137	5	26	717	19
2	6585	Circuit Boardum	23	653	190	5	23	730	19
3	7878	The Cougar Bots	22	571	97	5	23	748	19
4	9474	Revolution	22	475	112	5	22	600	19
5	6713	AETERNA	20	666	117	5	20	763	19
6	6589	Mythical Robot	20	606	71	5	20	735	19
7	6146	Jack in the Bot	20	547	114	5	20	626	19
8	6712	Bullet Proof	19	606	97	5	19	710	19
9	10220	System Overload	18	580	95	5	18	612	19
10	6590	Ratchet Robotics	17	651	117	5	17	720	19
11	8056	Kronos	14	755	190	5	14	805	19
12	6588	The R2's	6	483	88	5	6	538	19
Q-1	7-20 B	7878	6146
		6588	6590
Q-2	36-84 B	8056	10220
		9474	6585
Q-3	39-88 B	6713	6712
		6589	9123
Q-4	60-38 R	6146	8056
		9474	6588
Q-5	71-65 R	6589	10220
		6590	6713
Q-6	137-97 R	6585	7878
		9123	6712
Q-7	52-113 B	9474	6713
		10220	6146
Q-8	55-62 B	7878	8056
		9123	6589
Q-9	48-22 R	6585	6588
		6712	6590
Q-10	52-112 B	6589	6713
		7878	9474
Q-11	95-88 R	10220	6712
		8056	6588
Q-12	56-114 B	6590	9123
		6585	6146
Q-13	35-37 B	6712	7878
		10220	9474
Q-14	117-190 B	6713	6585
		6590	8056
Q-15	26-69 B	6588	9123
		6146	6589
1	4511	Falcons	10	81	144	5
2	8610	Tobor Tech	10	78	144	5
3	10652	SEI Robotics	8	119	91	5
4	9375	Go4Bots-2	8	45	74	5
5	7939	The Neons	8	28	98	5
6	7940	The Bedheads	6	73	84	5
7	9026	The Rainbows	6	38	74	5
8	3836	The Iron Giants	4	93	56	5
9	10550	BlockHeads	4	90	37	5
10	10344	The Flaming Unicorns	4	77	59	5
11	10264	Go4Nators	4	74	43	5
12	4276	Plunder and Lightning	4	43	64	5
13	8970	Go4Bots	4	33	64	5
14	10659	E-Tech	2	158	56	5
15	10332	Brobotics	2	79	39	5
16	7941	Hit Me With Your Best Bot	2	70	68	5
17	10339	Rock Lobsters	2	54	127	5
18	9357	Red Hot Techy Pepperz	2	51	39	5
Q-1	98-7 R	7939	10332
		8610	3836
Q-2	20-38 B	10264	9375
		7941	10659
Q-3	9-11 B	8970	10652
		10339	7940
Q-4	7-5 R	10344	9026
		4511	9357
Q-5	32-16 R	4276	10550
		3836	7941
Q-6	74-9 R	9026	10652
		9375	10332
Q-7	6-64 B	9357	4276
		10264	8970
Q-8	25-13 R	4511	10339
		10550	7939
Q-9	48-59 B	7940	8610
		10659	10344
Q-10	4-0 R	9357*	9375*
		7939	10264
Q-11	5-84 B	10332	4511
		4276	7940
Q-12	19-13 R	9026	10550
		8970	10659
Q-13	13-68 B	10344	7941
		10339	8610
Q-14	56-91 B	3836	10652
		10659	4511
Q-15	8-0 R	7940	9026
		7939	7941
Q-16	4-3 R	3836	10344
		9375	8970
Q-17	127-8 R	8610	4276
		10339	9357
Q-18	37-43 B	10332	10264
		10550	10652
Q-19	144-2 R	8610	8970
		4511	9375
Q-20	31-39 B	10659	9357
		7941	10332
Q-21	31-11 R	9026	10339
		10264	3836
Q-22	14-8 R	7939	10344
		10652	4276
Q-23	11-19 B	7940	10550
		9357	9375
1	8590	Bear Mettle	30	283	178	5
2	8154	Modern Americans	28	383	62	5
3	10153	Shuntrian	26	278	53	5
4	8007	Bulldog Robotics	26	226	60	5
5	10530	Robotica	24	336	96	5
6	10531	BB-8 Builders	24	332	50	5
7	10154	System Overload	22	343	61	5
8	10585	Einstein Relations	22	246	75	5
9	8890	Tiger Tech	18	313	65	5
10	10155	NWA	18	209	62	5
11	6741	HHS Robotics	16	222	75	5
12	10765	MALE	14	270	53	5
13	7496	The Doctors	14	202	178	5
14	10275	The Originals	14	199	21	5
15	7473	The Pride	12	288	45	5
16	7474	The VWA	12	260	80	5
17	7499	The Nerdy Girls	10	225	44	5
18	8153	Aperture Robotics	10	216	53	5
19	8155	Sandstorm Robotics	10	164	72	5
20	8096	The Greenies	8	321	60	5
21	7498	Powerful Pandas	4	174	63	5
22	7470	SuperRoBros	4	73	58	5
Q-1	22-38 B	10531	7473
7498	8154
Q-2	44-22 R	7499	10765
8153	8890
Q-3	12-45 B	7474	10153
8155	10154
Q-4	21-56 B	10155	10530
10275	10585
Q-5	58-15 R	7470	8007
8590	6741
Q-6	13-4 R	7496	8096
7474	7498
Q-7	24-17 R	10530	10765
8007	8155
Q-8	21-27 B	10275	7470
10154	10531
Q-9	25-178 B	8890	7496
10585	8590
Q-10	53-45 R	8153	8096
8154	10153
Q-11	45-21 R	7473	10155
6741	7499
Q-12	50-45 R	10153*	7498*
10531	10530
Q-13	8-23 B	7470	10155
10765	7496
Q-14	60-18 R	8007	7499
8096	10154
Q-15	20-75 B	8154	10585
8155	6741
Q-16	20-80 B	10275	7474
8153	8590
Q-17	34-58 B	7473	8890
10153	8007
Q-18	19-48 B	8096	10531
10765	6741
Q-19	65-19 R	10530	7474
8890	7470
Q-20	1-17 B	7499	8154
7496	10275
Q-21	61-22 R	10154	7473
10585	8153
Q-22	15-72 B	10155	8590
7498	8155
Q-23	10-39 B	7470	10585
7499	10153
Q-24	38-32 R	10531	8155
7496	8153
Q-25	63-56 R	7498	8890
6741	10154
Q-26	96-41 R	10530	8096
8590	7473
Q-27	33-62 B	8007	8154
7474	10155
Q-28	53-5 R	10765	10275
10153	7498
1	10702	Atlas	10	181	151	5
2	9059	Tehwurlisis	10	177	124	5
3	7101	Blade Runners	10	125	105	5
4	8063	Aftershock	8	194	105	5
5	9130	West Cost Robotics 2.0	8	166	68	5
6	7100	Xenon	8	109	95	5
7	5708	Viking Robotics	6	164	84	5
8	9058	Lord of the Gears	6	160	151	5
9	8188	Kraxberger Gearheads	6	126	124	5
10	7604	Meme Machine	4	206	58	5
11	10701	Atlas2	4	168	54	5
12	7098	Pugs	4	150	69	5
13	8132	Kraxberger Gearheads	4	128	72	5
14	9970	Stellar Pixels	4	115	75	5
15	9619	Nerds.exe	4	88	41	5
16	6769	Colton Robotics	2	199	64	5
17	8159	Five Star	2	148	72	5
18	8124	Nerd Rage	2	103	80	5
19	4761	Rogue Robotics	2	78	64	5
20	7099	The Alamo	0	110	45	5
21	8061	Time Lords	0	53	39	3
Q-1	22-31 B	9058	6769
7099	10701
Q-2	6-8 B	8061	8188
8063	9619
Q-3	68-48 R	9130	7098
10702	8132
Q-4	75-9 R	9059	8124
9970	5708
Q-5	64-95 B	4761	7101
8159	7100
Q-6	49-84 B	7604	10702
6769	5708
Q-7	62-25 R	7101	9058
9130	9970
Q-8	5-18 B	7098	9619
8124	7100
Q-9	124-46 R	8188	7604
9059	8159
Q-10	39-3 R	10701	8061
4761	8132
Q-11	80-45 R	8063	7099
8124	8159
Q-12	39-52 B	9130*	7100*
8061	9059
Q-13	34-9 R	10701*	9970
10702	4761
Q-14	72-64 R	7101	6769
8132	8188
Q-15	67-78 B	7098	8063
5708	9058
Q-16	25-58 B	9619	7604
7099	9130
Q-17	42-69 B	6769	9059
4761	7098
Q-18	151-34 R	10702	8061
9058	8124
Q-19	54-105 B	7604	7101
10701	8063
Q-20	32-20 R	7100	7099
9970	8188
Q-21	41-21 R	5708	9619
8132	8159
Q-22	26-20 R	9130	4761
8188	8124
Q-23	41-52 B	10701	9059
9619	10702
Q-24	72-52 R	8063	6769
8159	9970
Q-25	32-43 B	7100	7604
8132	9058
Q-26	8-69 B	8061	7098
7099	7101
Q-27	52-48 R	5708	9130
7100	10701
1	8466	The Fellowship of the Robot	8	228	289	5
2	8476	Chunky Bears	8	179	289	5
3	9907	DON'T PANIC and Always Carry a Towel	8	165	110	5
4	8881	Pirates of the Pacific	6	277	202	5
5	7187	Team Axis	6	203	202	5
6	447	2 Much Sense	6	181	72	5
7	8892	PHRED	6	163	70	5
8	8173	EagleTech	6	128	188	5
9	8716	Techaholix	6	123	55	5
10	10411	Corvallis High School Spartan Robotics	4	228	99	5
11	5198	Wingnuts	4	194	95	5
12	6497	Red Ring	4	166	76	5
13	7027	Lowell Robotics	4	159	72	5
14	9044	N.E.R.D.	4	147	182	5
15	7262	Wallowa County Brobotics	4	122	48	5
16	10060	Klamath Coyotes	4	106	175	5
17	10819	Mechanical Eagles	4	91	158	5
18	7044	Robo-Wolverines	2	116	48	5
19	8371	Awesome Aliens	2	83	77	5
Q-1	188-7 R	8173	8371
8466	9044
Q-2	112-42 R	7187	8892
8476	7044
Q-3	72-69 R	447	10411
7027	8881
Q-4	48-21 R	5198	10819
7262	6497
Q-5	20-55 B	10060	8716
8173	9907
Q-6	77-16 R	8371	7044
8881	7262
Q-7	34-158 B	10411	10819
8716	8476
Q-8	22-28 B	447	8892
10060	8466
Q-9	110-12 R	9907	7027
9044	5198
Q-10	51-28 R	6497	7187
8716	8371
Q-11	43-51 B	7262*	7027
10819	8466
Q-12	40-36 R	8892	8173
10411	5198
Q-13	202-27 R	7187	10060
8881	9044
Q-14	29-76 B	447	6497
8476	9907
Q-15	30-50 B	7044	8716
7027	5198
Q-16	70-182 B	6497	9044
8892	8881
Q-17	99-91 R	10411	7187
9907	8466
Q-18	19-175 B	7262	10060
8371	8476
Q-19	30-54 B	7044	8173
10819	447
Q-20	289-95 R	8476	5198
8466	8881
Q-21	31-38 B	8716	7262
9044	447
Q-22	37-13 R	8892	8371
10819	9907
Q-23	48-38 R	7044	10411
10060	6497
Q-24	64-35 R	8173	7027
7187	7262
