division: Nevada-qualifiers
Q-1	27-2 R	9507 5687	4992 10080	27	0	0	27	0	0	2	0	0	2	0	0
Q-2	23-22 R	5687 4992	9507 10080	23	0	0	23	0	0	22	0	0	22	0	0
Q-3	3-29 B	4992 10080	5687 9507	3	0	0	3	0	0	29	0	0	29	0	0
Q-4	18-13 R	4992 9507	5687 10080	18	0	0	18	0	0	13	0	0	13	0	0
Q-5	25-8 R	5687 10080	4992 9507	25	0	0	25	0	0	8	0	0	8	0	0
Q-1	37-34 R	9507 5687	4992 10080	37	0	0	37	0	0	34	0	0	34	0	0
Q-2	32-13 R	5326 4992	9507 10080	32	0	0	32	0	0	13	0	0	13	0	0
Q-3	69-13 R	5326 10080	5687 4992	69	0	0	29	0	40	13	0	0	13	0	0
Q-4	0-27 B	5326 9507	5687 4992	0	0	0	0	0	0	27	0	0	27	0	0
Q-5	4-41 B	10080 5687	9507 5326	4	0	0	4	0	0	41	0	0	41	0	0
Q-6	25-55 B	4992 9507	5687 5326	25	0	0	25	0	0	55	0	0	55	0	0
Q-7	19-62 B	10080 5687*	5326* 9507*	19	0	0	19	0	0	62	0	0	62	0	0
Q-1	39-21 R	9507 5687	5326 4992	39	5	0	34	0	0	21	0	0	21	0	0
Q-2	29-88 B	4992 5687	5326 9507	29	0	0	29	0	0	88	0	0	38	0	50
Q-3	72-33 R	5326 9507	5687 4992	72	5	0	57	0	10	33	0	0	33	0	0
Q-4	42-34 R	5326 4992	9507 5687	42	0	0	42	0	0	34	0	0	34	0	0
Q-5	29-41 B	9507 4992	5687 5326	29	0	0	29	0	0	41	0	0	41	0	0
