division: Hawaii-qualifiers
Q-1	244-5 R	6109 8898	5902 9378	244	0	0	164	80	0	5	0	0	5	0	0
Q-2	21-19 R	7160 6962	5159 7865	21	5	0	16	0	0	19	0	0	19	0	0
Q-3	164-166 B	8741 7438	7549 9850	164	25	0	139	0	0	166	0	0	66	80	20
Q-4	125-27 R	8740 5902	7160 7865	125	5	0	80	0	40	27	0	0	27	0	0
Q-5	163-18 R	7549 5159	9850 9378	163	0	0	83	80	0	18	0	0	18	0	0
Q-6	101-68 R	6109 8740	8741 6962	101	25	0	76	0	0	68	25	0	43	0	0
Q-7	34-57 B	7438 7865	8898 9850	34	5	0	29	0	0	57	0	0	57	0	0
Q-8	23-109 B	6962* 9378	7160* 8741	23	0	0	23	0	0	109	5	0	104	0	0
Q-9	132-95 R	7549* 6109	8898 8740	132	0	0	132	0	0	95	5	0	10	80	0
Q-10	24-153 B	5159 9378	5902 7438	24	0	0	24	0	0	153	5	0	68	80	0
Q-11	19-35 B	9850 7160	8898 6962	19	0	0	19	0	0	35	5	0	30	0	0
Q-12	25-59 B	7865 7549	5159 6109	25	0	0	25	0	0	59	0	0	59	0	0
Q-13	109-115 B	5902 8741	7438 8740	109	0	0	29	80	0	115	5	0	110	0	0
Q-14	31-46 B	6962 7865	9378 7549	31	5	0	26	0	0	46	0	0	46	0	0
Q-15	66-92 B	9850 7438	7160 6109	66	5	0	61	0	0	92	0	0	92	0	0
Q-16	33-91 B	5159 8898	8740 8741	33	0	0	33	0	0	91	25	0	66	0	0
Q-17	99-127 B	5902 7160	6962 7549	99	5	0	14	80	0	127	0	0	47	80	0
1	6109		10	259	244	5
2	7549		8	337	166	5
3	8740		8	332	125	5
4	6962		6	236	127	5
5	8898		6	186	244	5
6	7438		4	397	164	5
7	8741		4	397	164	5
8	9850		4	301	166	5
9	5902		4	264	153	5
10	7160		4	230	99	5
11	5159		4	119	163	5
12	9378		2	101	46	5
13	7865		0	136	34	5

Q-1	67-75 B	10374 9772	8618 8740	67	0	0	67	0	0	75	5	0	70	0	0
Q-2	216-66 R	6176 7548	8741 5902	216	0	0	106	0	110	66	25	0	41	0	0
Q-3	65-12 R	10236 6175	6962 7550	65	0	0	55	0	10	12	5	0	7	0	0
Q-4	32-93 B	8898 6963	7549 9850	32	0	0	22	0	10	93	0	0	13	80	0
Q-5	5-22 B	10236 10374	6175 5902	5	0	0	5	0	0	22	0	0	22	0	0
Q-6	39-176 B	7550 8898	8740 8741	39	15	0	24	0	0	176	45	0	121	0	10
Q-7	80-28 R	7548 6962	8618 7549	80	0	0	70	0	10	28	0	0	28	0	0
Q-8	39-21 R	9850 6963	6176 9772	39	0	0	39	0	0	21	0	0	21	0	0
Q-9	135-16 R	7549 8741	6175 10374	135	25	0	100	0	10	16	0	0	16	0	0
Q-10	55-8 R	8618 7550	8898 6176	55	25	0	30	0	0	8	0	0	8	0	0
Q-11	45-52 B	8740 6962	5902 6963	45	5	0	40	0	0	52	5	0	47	0	0
Q-12	4-40 B	9772 9850	10236 7548	4	0	0	4	0	0	40	0	0	40	0	0
Q-13	11-33 B	10374 6176	6962 8898	11	0	0	11	0	0	33	0	0	33	0	0
Q-14	126-134 B	7549 5902	7550 9772	126	0	0	126	0	0	134	25	0	109	0	0
Q-15	108-43 R	8741 8618	10236 6963	108	0	0	108	0	0	43	0	0	43	0	0
Q-16	48-47 R	6175 8740	7548 9850	48	0	0	48	0	0	47	0	0	47	0	0
Q-17	11-126 B	9772 6962	8898 8741	11	0	0	11	0	0	126	5	0	121	0	0
Q-18	43-61 B	5902 8618	6175 9850	43	0	0	43	0	0	61	0	0	41	0	20
Q-19	131-94 R	6963 7550	10374 7548	131	5	0	126	0	0	94	0	0	94	0	0
Q-20	115-77 R	8740 7549	6176 10236	115	5	0	110	0	0	77	0	0	7	0	70
1	8740		8	205	176	5
2	8741		8	175	176	5
3	6175		8	123	65	5
4	7550		6	279	134	5
5	7548		6	239	216	5
6	6963		6	225	131	5
7	7549		6	199	135	5
8	8618		6	189	108	5
9	9850		6	137	93	5
10	5902		4	285	126	5
11	6962		4	107	80	5
12	8898		4	91	126	5
13	10236		4	71	77	5
14	9772		2	229	134	5
15	6176		2	113	216	5
16	10374		0	193	94	5
Q-1	15-75 B	9772 5902	7549 7550	15	0	0	15	0	0	75	5	0	60	0	10
Q-2	22-23 B	6962 7865	5159 7548	22	0	0	22	0	0	23	0	0	23	0	0
Q-3	61-22 R	9772 7548	5159 5902	61	0	0	61	0	0	22	0	0	22	0	0
Q-4	124-47 R	6962 7550	7549 7865	124	25	0	79	20	0	47	0	0	47	0	0
Q-5	41-19 R	7549 5159	5902 7865	41	0	0	1	0	40	19	0	0	19	0	0
Q-6	82-3 R	7548 7550	9772 6962	82	0	0	82	0	0	3	0	0	3	0	0
Q-7	46-20 R	6962 7549	5159 9772	46	0	0	6	0	40	20	0	0	20	0	0
Q-8	10-10 T	7865 7548	7550 5902	10	0	0	10	0	0	10	5	0	5	0	0
Q-9	39-9 R	5902 7549	7548 6962	39	0	0	39	0	0	9	0	0	9	0	0
Q-10	3-97 B	5159 7865	9772 7550	3	0	0	3	0	0	97	25	0	62	0	10
1	7550		9	78	124	5
2	7549		8	110	75	5
3	7548		7	66	82	5
4	6962		4	101	124	5
5	5159		4	86	41	5
6	9772		4	63	97	5
7	5902		3	75	39	5
8	7865		1	101	47	5
Q-1	11-21 B	9378 6109	6963 8741	11	0	0	11	0	0	21	5	0	16	0	0
Q-2	30-113 B	8618 8898	9066 8740	30	0	0	30	0	0	113	25	0	88	0	0
Q-3	19-10 R	8740 8741	9066 9378	19	5	0	14	0	0	10	0	0	0	0	10
Q-4	14-8 R	6109 8898	8618 6963	14	0	0	14	0	0	8	5	0	3	0	0
Q-5	11-7 R	8618 9066	9378 6963	11	0	0	11	0	0	7	0	0	7	0	0
Q-6	74-21 R	8740 8898	6109 8741	74	5	0	69	0	0	21	5	0	16	0	0
Q-7	22-32 B	9066 6109	9378 8898	22	0	0	22	0	0	32	0	0	32	0	0
Q-8	3-25 B	8740 6963	8618 8741	3	0	0	3	0	0	25	5	0	20	0	0
Q-9	8-18 B	9378 8618	8898 8741	8	0	0	8	0	0	18	5	0	13	0	0
Q-10	21-80 B	9066 6963	8740 6109	21	0	0	21	0	0	80	25	0	55	0	0
1	8898		8	89	74	5
2	8740		8	75	113	5
3	8741		8	43	25	5
4	6109	Punabots	4	83	80	5
5	9066		4	80	113	5
6	8618		4	56	30	5
7	6963		2	50	21	5
8	9378		2	37	32	5
Q-1	39-122 B	6176 6963	9066 7550	39	0	0	39	0	0	122	25	0	97	0	0
Q-2	67-33 R	10374 7438	9850 7160	67	0	0	67	0	0	33	0	0	33	0	0
Q-3	63-10 R	6109 5159	6175 8618	63	0	0	63	0	0	10	0	0	10	0	0
Q-4	21-6 R	7548 9066	9378 10236	21	0	0	21	0	0	6	0	0	6	0	0
Q-5	34-69 B	6176 9850	7160 6109	34	0	0	34	0	0	69	0	0	49	0	20
Q-6	25-123 B	10374 8618	7550 7548	25	0	0	5	0	20	123	5	0	118	0	0
Q-7	237-36 R	9378 7438	5159 10236	237	5	0	42	0	190	36	0	0	36	0	0
Q-8	54-86 B	6175 7160	6963 7548	54	0	0	54	0	0	86	0	0	86	0	0
Q-9	20-87 B	10236 6176	5159 10374	20	0	0	10	0	10	87	0	0	87	0	0
Q-10	89-28 R	9378 6963	8618 7438	89	0	0	49	0	40	28	0	0	28	0	0
Q-11	120-46 R	9850 7550	9066 6175	120	5	0	25	0	90	46	0	0	46	0	0
Q-12	74-38 R	6109 6963	10236 10374	74	0	0	74	0	0	38	0	0	38	0	0
Q-13	40-53 B	6175 9850	6176 9378	40	0	0	40	0	0	53	0	0	53	0	0
Q-14	37-60 B	5159 8618	9066 7160	37	0	0	27	0	10	60	0	0	60	0	0
Q-15	35-94 B	6109 7550	7438 7548	35	5	0	30	0	0	94	5	0	89	0	0
Q-16	77-40 R	8618 10236	6175 6176	77	0	0	17	0	60	40	0	0	40	0	0
Q-17	101-27 R	7548 5159	6963 9850	101	0	0	91	0	10	27	0	0	27	0	0
Q-18	24-67 B	7160 7550	9378 6109	24	5	0	19	0	0	67	0	0	67	0	0
Q-19	50-39 R	7438 9066	10374 6175*	50	5	0	45	0	0	39	0	0	39	0	0
1	7548	Velocity	10	127	123	5
2	7438	Trobobots	8	171	237	5
3	9066	BuffnBlue9	8	157	122	5
4	6109	Punabots	8	141	74	5
5	9378	Kalani	8	134	237	5
6	6963	BuffnBlue5	6	186	89	5
7	7550	Fig Newtons	6	149	123	5
8	5159	BuffnBlue1	6	110	101	5
9	7160	Mililani Middle	4	172	69	5
10	10374	Kaimuki	4	125	87	5
11	9850	HOCO	2	180	120	5
12	6176	BuffnBlue3	2	163	53	5
13	10236	BuffnBlueNew	2	130	77	5
14	8618	Mid-Pac	2	110	77	5
15	6175	BuffnBlue2	0	190	54	5
