division: Pennsylvania
Q-1	16-130 B	6964 7584	3283 4347	16	0	0	16	0	0	130	0	0	130	0	0
Q-2	86-93 B	8393 8528	7056 9928	86	0	0	86	0	0	93	5	0	88	0	0
Q-3	91-8 R	7314 4433	3113 4914	91	0	0	91	0	0	8	0	0	8	0	0
Q-4	16-20 B	3777 4185	10353 5488	16	0	0	16	0	0	20	0	0	20	0	0
Q-5	10-41 B	395 3795	10098 5910	10	0	0	10	0	0	41	0	0	41	0	0
Q-6	8-1 R	9618 3305	7416 6191	8	0	0	8	0	0	1	0	0	1	0	0
Q-7	3-3 T	6045 7055	4396 8884	3	0	0	3	0	0	3	0	0	3	0	0
Q-8	52-70 B	10766 9997	5916 365	52	5	0	47	0	0	70	5	0	65	0	0
Q-9	2-1 R	118 61	10113 5169	2	0	0	2	0	0	1	0	0	1	0	0
Q-10	64-56 R	4185 3113	3795 9928	64	0	0	64	0	0	56	0	0	56	0	0
Q-11	31-26 R	4347 4914	7056 395	31	0	0	31	0	0	26	0	0	26	0	0
Q-12	61-107 B	10098 3283	10353 4396	61	0	0	61	0	0	107	0	0	17	0	90
Q-13	11-47 B	7416 8884	5916 3777	11	0	0	11	0	0	47	0	0	47	0	0
Q-14	19-2 R	5169 5910	8393 7314	19	0	0	19	0	0	2	0	0	2	0	0
Q-15	63-99 B	10113 9997	6964 6045	63	5	0	58	0	0	99	0	0	9	80	10
Q-16	8-1 R	3305 61	7584 7055	8	0	0	8	0	0	1	0	0	1	0	0
Q-17	38-9 R	118 10766	9618 5488	38	0	0	38	0	0	9	0	0	9	0	0
Q-18	67-73 B	8528 365	6191 4433	67	5	0	62	0	0	73	0	0	73	0	0
Q-19	29-41 B	7416 3795	4396 5169	29	5	0	24	0	0	41	0	0	1	0	40
Q-20	36-62 B	4347 9928	6045 7314	36	0	0	36	0	0	62	0	0	62	0	0
Q-21	42-92 B	8393 4914	7055 5916	42	5	0	37	0	0	92	0	0	92	0	0
Q-22	16-5 R	9618 7056	3777 7584	16	0	0	16	0	0	5	0	0	5	0	0
Q-23	107-10 R	5910 8528	3283 8884	107	5	0	92	0	10	10	0	0	10	0	0
Q-24	19-65 B	118 395	365 6964	19	0	0	19	0	0	65	5	0	60	0	0
Q-25	49-47 R	6191 10766	10113 4185	49	5	0	44	0	0	47	5	0	42	0	0
Q-26	19-47 B	5488 61	3113 10098	19	0	0	19	0	0	47	0	0	47	0	0
Q-27	96-76 R	10353 4433	9997 3305	96	5	0	91	0	0	76	5	0	31	0	40
Q-28	116-7 R	7055 5169	3283 9618	116	5	0	111	0	0	7	0	0	7	0	0
Q-29	78-101 B	4396 365	8393 4347	78	0	0	38	0	40	101	0	0	101	0	0
Q-30	60-0 R	5916 4185	7584 5910	60	0	0	60	0	0	0	0	0	0	0	0
Q-31	33-94 B	6045 5488	7416 7056	33	0	0	33	0	0	94	0	0	34	0	60
Q-32	6-98 B	10113 3113	8528 3305	6	0	0	6	0	0	98	5	0	93	0	0
Q-33	4-34 B	9928 10098	6964 8884	4	0	0	4	0	0	34	0	0	34	0	0
Q-34	57-33 R	10353 7314	10766 3795	57	0	0	57	0	0	33	5	0	28	0	0
Q-35	95-5 R	4433 3777	61 395	95	5	0	90	0	0	5	5	0	0	0	0
Q-36	14-152 B	4914 6191	9997 118	14	0	0	4	0	10	152	5	0	67	80	0
Q-37	91-50 R	7056 4396	5916 3113	91	0	0	81	0	10	50	0	0	50	0	0
Q-38	13-22 B	8884 5169	3305 4347	13	5	0	8	0	0	22	0	0	22	0	0
Q-39	47-44 R	6964 9618	8393 3795	47	0	0	37	0	10	44	0	0	44	0	0
Q-40	10-46 B	3283 10113	9928 5488	10	0	0	10	0	0	46	0	0	46	0	0
Q-41	51-46 R	4914 365	61 5910	51	0	0	51	0	0	46	0	0	46	0	0
Q-42	0-45 B	395 6191	6045 10353	0	0	0	0	0	0	45	0	0	45	0	0
Q-43	177-53 R	8528 7314	4185 118	177	5	0	92	80	0	53	0	0	53	0	0
Q-44	89-47 R	7584 4433	7416 10766	89	5	0	84	0	0	47	5	0	42	0	0
Q-45	73-48 R	7055 3777	9997 10098	73	0	0	73	0	0	48	5	0	43	0	0
1	4433	Smokin' Motors	10	163	96	5
2	10353	Metal Works	10	146	107	5
3	7056	Cruzin Comets White	8	200	94	5
4	5916	BoBots	8	155	92	5
5	6964	Team Igutech	8	146	99	5
6	7314	Sab-BOT-age	8	132	177	5
7	4347	NanoGurus	8	129	130	5
8	3305	SciBots2	8	57	98	5
9	4396	Decepticons	7	181	107	5
10	6045	foobar	7	135	99	5
11	7055	Cruzin Comets Blue	7	101	116	5
12	8528	Rhyme Know Reason	6	222	177	5
13	365	MOE	6	222	78	5
14	118	Steel Hornets	6	86	152	5
15	3777	Mecha Lions	6	85	95	5
16	5910	Sparks	6	68	107	5
17	9618	Cyber Spartans	6	66	47	5
18	5169	Watt's Up	6	52	116	5
19	9928	Planet Vulcan	4	192	93	5
20	10766	MathHeads	4	188	52	5
21	4185	Silver Soldiers	4	172	64	5
22	10098	2 Eyed Illuminati	4	142	61	5
23	3113	Some Disassembly Required	4	139	64	5
24	4914	Vulcan Robotics	4	126	51	5
25	6191	Short Circuits	4	119	73	5
26	5488	RoboDragons	4	87	46	5
27	61	Ozone	4	72	46	5
28	8884	RoboPanthers	3	41	34	5
29	8393	Giant Diencephalic BrainSTEM Robotics Team	2	212	101	5
30	9997	Wolf Pack Robotics	2	203	152	5
31	7416	Silver Spartans	2	121	94	5
32	3283	SciBots	2	104	130	5
33	7584	Bad News Bots	2	69	89	5
34	3795	Jag Wired	0	172	56	5
35	10113	NZ.1	0	127	63	5
36	395	Archmere Robauktics	0	60	26	5
Q-1	93-62 R	7149 8509	10771 10766	93	5	0	88	0	0	62	0	0	62	0	0
Q-2	51-59 B	7690 8528	6191 9872	51	5	0	46	0	0	59	5	0	54	0	0
Q-3	20-65 B	5488 10842	395 7350	20	0	0	20	0	0	65	0	0	55	0	10
Q-4	20-55 B	7326 4433	10353 6180	20	0	0	20	0	0	55	0	0	55	0	0
Q-5	55-18 R	7055 230	5421 3795	55	0	0	55	0	0	18	0	0	18	0	0
Q-6	52-17 R	8645 4311	6306 8884	52	0	0	52	0	0	17	0	0	17	0	0
Q-7	119-127 B	6964 5872	7392 7423	119	5	0	114	0	0	127	5	0	42	80	0
Q-8	6-82 B	6378 4999	7056 365	6	5	0	1	0	0	82	0	0	82	0	0
Q-9	80-136 B	7314 5488	7244 4433	80	0	0	80	0	0	136	0	0	96	0	40
Q-10	33-65 B	7149 5421	6191 7350	33	0	0	33	0	0	65	0	0	65	0	0
Q-11	89-184 B	7423 3795	8528 395	89	5	0	4	80	0	184	0	0	24	160	0
Q-12	113-74 R	6378 8884	5872 10353	113	5	0	28	80	0	74	0	0	74	0	0
Q-13	58-32 R	6306 9872	8509 7244	58	5	0	53	0	0	32	0	0	32	0	0
Q-14	24-51 B	7055 4999	10766 10842	24	5	0	19	0	0	51	0	0	51	0	0
Q-15	47-135 B	6180 7690	230 6964	47	5	0	42	0	0	135	5	0	130	0	0
Q-16	48-159 B	7392 365	8645 7326	48	0	0	48	0	0	159	5	0	154	0	0
Q-17	86-147 B	7314 4311	7056 10771	86	5	0	81	0	0	147	0	0	67	80	0
Q-18	12-100 B	10766* 6191	7423* 6378	12	0	0	12	0	0	100	0	0	20	80	0
Q-19	18-79 B	8884 230	4999 9872	18	5	0	13	0	0	79	5	0	74	0	0
Q-20	136-51 R	7244 7350	7326 7690	136	0	0	36	100	0	51	0	0	51	0	0
Q-21	124-13 R	7055 6964	6306 4433	124	5	0	119	0	0	13	0	0	13	0	0
Q-22	116-111 R	4311 8528	7149 10353	116	0	0	36	80	0	111	5	0	106	0	0
Q-23	131-56 R	8645 3795	5872 6180	131	5	0	86	0	40	56	0	0	56	0	0
Q-24	40-49 B	5488 8509	7392 7056	40	0	0	40	0	0	49	0	0	49	0	0
Q-25	148-155 B	365 10771	395 5421	148	0	0	68	80	0	155	0	0	75	80	0
Q-26	76-84 B	10842 7326	7314 8884	76	5	0	31	0	40	84	5	0	79	0	0
Q-27	139-47 R	6964 9872	4311 10766	139	0	0	139	0	0	47	0	0	37	0	10
Q-28	154-28 R	7350 4433	5872 230	154	0	0	74	80	0	28	0	0	28	0	0
Q-29	117-57 R	395 6191	4999 8645	117	5	0	32	80	0	57	5	0	52	0	0
Q-30	143-117 R	10771 8528	7392 7055	143	5	0	58	80	0	117	0	0	117	0	0
Q-31	95-116 B	6306 6180	6378 5421	95	5	0	90	0	0	116	5	0	111	0	0
Q-32	115-173 B	10353 8509	365 7314	115	0	0	95	0	20	173	5	0	168	0	0
Q-33	194-30 R	7244 7056	3795 10842	194	0	0	74	80	40	30	0	0	30	0	0
Q-34	99-18 R	7423 7149	5488 7690	99	5	0	94	0	0	18	0	0	18	0	0
Q-35	122-38 R	395 7326	230 4311	122	0	0	42	80	0	38	0	0	38	0	0
Q-36	4-122 B	4433 10766	365 8528	4	0	0	4	0	0	122	5	0	37	80	0
Q-37	172-10 R	7314 5421	4999 5872	172	5	0	167	0	0	10	0	0	10	0	0
Q-38	177-148 R	8645 6378	6964 8509	177	10	0	167	0	0	148	5	0	143	0	0
Q-39	122-9 R	9872 10353	7423 10842	122	5	0	107	0	10	9	0	0	9	0	0
Q-40	37-129 B	7244 7392	7149 8884	37	0	0	37	0	0	129	5	0	104	20	0
Q-41	114-57 R	10771 6306	7690 3795	114	0	0	34	80	0	57	0	0	57	0	0
Q-42	56-17 R	6191 6180	5488 7055	56	0	0	56	0	0	17	0	0	17	0	0
Q-43	92-130 B	7056 10766	7350 7423	92	0	0	92	0	0	130	5	0	45	80	0
1	395	Archmere Robauktics	10	352	184	5
2	7350	Watt's NXT?	10	224	154	5
3	9872	(In)Formal Logic	10	147	139	5
4	8528	Rhyme Know Reason	8	372	184	5
5	6378	Jaybots	8	335	177	5
6	8645	Robotic Doges	8	326	177	5
7	7056	Cruzin Comets White	8	254	194	5
8	6191	Short Circuits	8	170	117	5
9	10771	Le Pamplemousse	6	470	148	5
10	6964	Team Igutech	6	364	148	5
11	7423	Flaming Phoenix	6	327	130	5
12	7314	Sab-BOT-age	6	307	173	5
13	5421	RM'd and Dangerous	6	304	172	5
14	365	MOE	6	301	173	5
15	7149	EHTPAL ENFORCERS	6	261	129	5
16	7244	OUT of the BOX	6	230	194	5
17	8884	RoboPanthers	6	182	129	5
18	7392	Golden Elks	4	361	127	5
19	10353	Metal Works	4	309	122	5
20	4311	Watt The Hex?	4	289	116	5
21	6180	Batteries Not Included	4	235	95	5
22	6306	RSHS Tiborgs	4	214	114	5
23	7326	Some Assembly Required	4	193	159	5
24	7055	Cruzin Comets Blue	4	189	124	5
25	230	Ampere	4	149	135	5
26	4433	Smokin' Motors	4	145	154	5
27	8509	STEEL Serpents	2	377	148	5
28	3795	Jag Wired	2	250	131	5
29	10766	MathHeads	2	219	92	5
30	10842	Train of Thought	2	119	76	5
31	4999	Imagine It	2	115	79	5
32	5872	MAVERICS	0	287	119	5
33	7690	MASH Triage Unit	0	224	57	5
34	5488	RoboDragons	0	175	80	5
1	2818	G-FORCE	10	613	232	5
2	4149	Terabytes	8	385	217	5
3	3900	Mechasharks	8	256	512	5
4	8393	Giant Diencephalic BrainSTEM Robotics Team	8	256	139	5
5	6054	int elligence;	6	456	177	5
6	8645	Robotic Doges	6	382	217	5
7	10083	Something Weird	6	352	184	5
8	9812	T-Noble	6	315	154	5
9	8257	Fourth River Robotics	6	281	168	5
10	7060	Team RobotiX	6	269	171	5
11	9820	Girls of Steel Juniors	6	268	148	5
12	8867	Broken Image Link	6	212	72	5
13	6440	Metallic Controllers	4	374	512	5
14	10065	Bishop Canevin 2	4	335	232	5
15	5029	PowerStackers	4	327	177	5
16	8509	STEEL Serpents	4	242	82	5
17	5526	Quasics	4	228	76	5
18	6549	Whoa!Bots	4	213	177	5
19	4933	Short Circuits II	4	189	75	5
20	10026	Bishop Canevin 1	4	154	117	5
21	8426	CMS Robotics	2	264	121	5
22	7143	Fluid Fuision	2	199	60	5
23	8431	TechNoble	2	197	82	5
24	6987	HatTrix	0	177	54	5
Q-1	72-50 R	8393 9820	5029 8431	72	15	0	57	0	0	50	0	0	50	0	0
Q-2	41-48 B	9812 5526	6549 8867	41	5	0	36	0	0	48	5	0	43	0	0
Q-3	23-17 R	10083 7143	10026 4933	23	0	0	23	0	0	17	0	0	17	0	0
Q-4	168-232 B	6054 8257	2818 10065	168	0	0	68	100	0	232	25	0	207	0	0
Q-5	512-52 R	6440 3900	8426 8509	512	0	0	62	0	450	52	5	0	47	0	0
Q-6	217-28 R	4149 8645	6987 7060	217	5	0	212	0	0	28	5	0	23	0	0
Q-7	15-48 B	5029 7143	5526 10065	15	0	0	15	0	0	48	0	0	48	0	0
Q-8	17-38 B	8426 8431	8867 4933	17	0	0	17	0	0	38	0	0	38	0	0
Q-9	154-184 B	9812 4149	2818 10083	154	0	0	154	0	0	184	5	0	179	0	0
Q-10	114-95 R	6054 8645	8393 3900	114	5	0	109	0	0	95	20	0	55	0	20
Q-11	71-20 R	8509 10026	9820 6987	71	0	0	61	0	10	20	5	0	15	0	0
Q-12	103-41 R	7060 8257	6440 6549	103	5	0	58	0	40	41	0	0	31	0	10
Q-13	72-110 B	8867 10065	4149 3900	72	5	0	67	0	0	110	0	0	50	0	60
Q-14	84-60 R	9820 9812	7143 8426	84	0	0	84	0	0	60	5	0	55	0	0
Q-15	38-44 B	8509 4933	7060 8393	38	5	0	33	0	0	44	0	0	44	0	0
Q-16	33-62 B	6987 10083	8257 5526	33	0	0	33	0	0	62	0	0	52	0	10
Q-17	177-48 R	6549 6054	10026 8431	177	0	0	97	80	0	48	0	0	48	0	0
Q-18	229-177 R	2818 6440	5029 8645	229	5	0	194	0	30	177	0	0	177	0	0
Q-19	54-139 B	6987 10065	9812 8393	54	0	0	54	0	0	139	0	0	139	0	0
Q-20	121-109 R	8426 10083	6054 7060	121	0	0	31	0	90	109	5	0	104	0	0
Q-21	76-82 B	8645 5526	8431 8509	76	10	0	66	0	0	82	0	0	82	0	0
Q-22	43-60 B	10026 8867	8257 5029	43	0	0	43	0	0	60	0	0	50	0	10
Q-23	184-51 R	3900 2818	7143 6549	184	25	0	159	0	0	51	0	0	51	0	0
Q-24	75-148 B	6440 4933	9820 4149	75	0	0	75	0	0	148	0	0	48	0	100
Q-25	26-117 B	8426 10065	8645 10026	26	0	0	26	0	0	117	5	0	112	0	0
Q-26	46-104 B	8257 8431	9812 3900	46	0	0	6	0	40	104	0	0	104	0	0
Q-27	42-62 B	6987 6549	5029 4933	42	0	0	42	0	0	62	0	0	62	0	0
Q-28	171-63 R	7060 2818	9820 5526	171	5	0	166	0	0	63	10	0	53	0	0
Q-29	72-39 R	8867 8393	10083 6440	72	5	0	67	0	0	39	0	0	39	0	0
Q-30	56-150 B	8509 7143	6054 4149	56	5	0	51	0	0	150	5	0	145	0	0
1	8730	RoboGriffins	10	128	105	5	10	128	5
2	9854	Penn Charter Robotics	8	163	71	5	8	163	5
3	6606	Dobbins Force	8	127	54	5	8	127	5
4	6676	RoboLancers Crimson	8	118	58	5	8	118	5
5	7960	FSS Falcons	6	145	133	5	6	145	5
6	5224	Robowolves	6	129	110	5	6	129	5
7	5320	RoboLancers Gold	6	87	37	5	6	87	5
8	6552	N.E.R.D.S.	4	127	133	5	4	127	5
9	5488	RoboDragons	4	127	55	5	4	127	5
10	10976	Roboknights	2	144	105	5	2	144	5
11	7883	Iron Patriots	2	130	105	5	2	130	5
12	9570	GearGirls	2	107	58	5	2	107	5
13	6677	Techeads	2	84	110	5	2	84	5
14	5321	TechHeroes	2	80	21	5	2	80	5
Q-1	35-40 B	5488 7883	9854 5224	35	0	0	35	0	0	40	5	0	35	0	0
Q-2	10-9 R	6606 5321	6677 7960	10	0	0	10	0	0	9	0	0	9	0	0
Q-3	20-28 B	6676 9570	5320 8730	20	0	0	20	0	0	28	0	0	28	0	0
Q-4	46-133 B	10976 9854	6552 7960	46	0	0	46	0	0	133	5	0	28	0	100
Q-5	15-37 B	6677 7883	6676 5320	15	0	0	15	0	0	37	5	0	32	0	0
Q-6	17-30 B	5321 6552	5224 9570	17	0	0	17	0	0	30	0	0	30	0	0
Q-7	28-26 R	6606 8730	10976 5488	28	5	0	23	0	0	26	0	0	26	0	0
Q-8	70-38 R	9570* 7960	6676* 7883	70	0	0	70	0	0	38	5	0	33	0	0
Q-9	40-71 B	5224 6606	9854 8730	40	0	0	40	0	0	71	5	0	26	0	40
Q-10	16-12 R	5320 6552	5321 5488	16	0	0	16	0	0	12	5	0	7	0	0
Q-11	110-58 R	6677 5224	10976 9570	110	0	0	50	0	60	58	0	0	18	0	40
Q-12	21-39 B	5321 5320	6606 9854	21	0	0	21	0	0	39	5	0	34	0	0
Q-13	33-55 B	7960 10976	6676 5488	33	5	0	28	0	0	55	0	0	55	0	0
Q-14	105-21 R	7883 8730	6677 6552	105	0	0	65	0	40	21	0	0	21	0	0
Q-15	58-19 R	6676 7960	5224 5320	58	5	0	53	0	0	19	0	0	19	0	0
Q-16	50-21 R	9854 5488	6677 9570	50	5	0	25	0	20	21	0	0	21	0	0
Q-17	105-21 R	8730 10976	7883 5321	105	0	0	75	0	30	21	0	0	21	0	0
Q-18	31-54 B	6552 9570	6606 6676	31	5	0	26	0	0	54	0	0	54	0	0

